.Random.seed <-
c(403L, 10L, -1390322583L, -1147830216L, -867546906L, -18550655L, 
-298366957L, -1776394302L, -1756370828L, 2108341879L, 720232301L, 
-2042306556L, -814982358L, 1281294485L, 1965260591L, 2003535414L, 
501359200L, -907124573L, -1506151487L, 1586167728L, 356207310L, 
-1830012871L, -1591902645L, 1549321210L, -1376522500L, 1273242431L, 
1764764693L, 438011692L, 168864770L, 1210240733L, 348102103L, 
-1651066690L, -442782984L, 1692250331L, 278623033L, -2088651128L, 
723370550L, 1237097073L, -947674973L, 515402226L, -786216636L, 
-1691065849L, 815069L, -883525420L, 1243400186L, 747880261L, 
-977228897L, -1471307482L, 1954714032L, -731002285L, 663991665L, 
629773472L, -1846266818L, -1402520759L, 1881500155L, 1632161226L, 
-1681702100L, -1153570001L, -508448283L, 387595420L, 2144393458L, 
-1458908819L, -2040881497L, 1062326478L, -1037976024L, -2020489685L, 
-2034496439L, -161313448L, 1511076870L, -2005666335L, -1489346701L, 
-322716702L, -1122872492L, -670073257L, -162503091L, 1265326564L, 
990540746L, -654969291L, -242787185L, -814598762L, -376813248L, 
-1468414973L, -13552095L, 391848208L, -36401426L, 1508143769L, 
2116242219L, 1475171866L, 529071324L, -1528123169L, 152133301L, 
2060064844L, 1774085282L, -1275251715L, -1577488137L, -902785506L, 
-1636423464L, -1018078149L, 1242752473L, 656884584L, -12308842L, 
-575911919L, 1214376387L, 2018285010L, -1201152924L, -157439065L, 
626836733L, -1412783884L, -1389242406L, 1191971621L, 1869306431L, 
-571334202L, -1496410544L, -1160238477L, 1938525841L, 1663375040L, 
360956062L, -1915949975L, 1336080539L, -1596999254L, 1681072588L, 
1473186959L, 1032045765L, 1681720444L, -1023641390L, -1082337203L, 
-991473401L, 1366631662L, -264368696L, 1129476811L, 1818475305L, 
941808504L, -924376922L, -172352831L, -306066605L, 1137309698L, 
1014928692L, 1425104567L, -1361280339L, 261510084L, -1263289366L, 
-1591049131L, 519592431L, 1162084854L, -2070800608L, 1740671203L, 
-427582079L, 1326808048L, 498311822L, -244148743L, 508135307L, 
1205801914L, 1005841084L, -1062968833L, -944181419L, -435197844L, 
691199170L, -1743046883L, -435393129L, -197571330L, -454928712L, 
-947607397L, -293353735L, 257837128L, 85736310L, -605593935L, 
-296759581L, -1713201742L, -233388540L, 2079341895L, 1455814685L, 
-1191698796L, -1678092742L, -862078843L, 1465003359L, -1501461018L, 
1003289712L, -712024173L, -168888271L, 400619232L, 1490501502L, 
-1469942263L, -1899356613L, -1675886582L, 1493311468L, -1587981201L, 
702524325L, -1813673124L, 568055602L, 201401901L, 46066919L, 
-1820770802L, 330859496L, 1762729451L, 70698633L, 874051096L, 
1139359046L, 684219297L, -331999693L, 2096090018L, -1810858348L, 
1097309463L, 800721677L, -416196060L, -1556790774L, 835738485L, 
-1236713777L, -526954026L, 822951296L, 178140611L, 686117729L, 
-1464473136L, -257515218L, -1961670439L, -1841741077L, 468897626L, 
783300892L, -1416753121L, 58145909L, 1980885260L, 1070392546L, 
-190353987L, -1000629705L, 1431349470L, -822311912L, 2028968827L, 
979471129L, 734508968L, -899934378L, -1310792222L, 1277399976L, 
-871819060L, 382669820L, -702746190L, 1644641776L, -2035900476L, 
-1910847144L, 1256328570L, 320944048L, -1507091012L, -277736364L, 
683345858L, -2075465696L, 524484796L, 1011664464L, -1682343966L, 
-1925130136L, 62822476L, 750298364L, -1103472654L, -1671185152L, 
-202730124L, -1277607928L, 1324733370L, -1540647472L, 1621725164L, 
-802642540L, 1152999890L, 687282528L, -761619636L, -1325666016L, 
828442498L, 2025783016L, 472819948L, -339244996L, -621887630L, 
-1117663632L, -538985436L, 1281003320L, 412253338L, 1116324560L, 
947949756L, -1149403500L, -1768657278L, 2135179456L, 770041660L, 
34500752L, 1975828002L, -1709478904L, -1773818612L, 845069468L, 
152728082L, -543337600L, -1915607532L, 1367129640L, -654295750L, 
-1188647472L, 64370796L, 998606132L, -1062614382L, -435191968L, 
-970928308L, 1741985760L, -27014238L, 523189160L, 886368652L, 
1330064572L, -1778073230L, 1323342064L, -1859774396L, 1505240408L, 
-1976989126L, -646410384L, 342117436L, 1434710804L, -1087146558L, 
63995616L, -1378423940L, 1708622544L, -988865374L, -132112344L, 
-784254708L, -957318212L, 1783524658L, -1031134784L, 908843572L, 
2053500872L, 398585018L, -1678052976L, 1394184684L, 532145748L, 
-885934958L, 1780171552L, -1391418932L, 1031546336L, 1198085826L, 
-1183959000L, -1914534228L, 1788694716L, 1380834802L, -914789072L, 
-442719068L, 802450104L, 498309466L, 1876191632L, -975677572L, 
-1053898476L, 1621753666L, 1647857408L, -1415433284L, 1233732432L, 
1737125666L, -2054720184L, 777907724L, 1931405404L, 1973399762L, 
834706944L, 1275715924L, -1112781336L, 669821946L, -32178992L, 
-1204545236L, 119158516L, -93053550L, -351178656L, -1172146932L, 
-639079712L, 1576635746L, -1566563672L, -1402541492L, 848688508L, 
-1459607246L, -1864139664L, 1925245764L, -1264647720L, -1885936518L, 
-2143640016L, -896949572L, 1493668692L, 41181250L, -391624288L, 
-1341024580L, -2101899824L, -2098352798L, -1551472664L, 528834508L, 
1717371644L, 611452402L, -1223213952L, 1823987956L, 1407007368L, 
-1772016838L, 567097168L, 1336343148L, 273959060L, -313360046L, 
889153248L, -403892532L, 662476960L, -209414270L, -1188264216L, 
2032107244L, 1009672252L, -842766734L, 907834480L, -318793180L, 
-1806374856L, 2014507034L, 1414555344L, -1082762180L, 1060723860L, 
1448003714L, 2116321216L, 339855676L, 965961360L, -475930590L, 
-1219856376L, 983243916L, 1238684700L, -1489384814L, 195186816L, 
724132884L, 642005288L, 2021923386L, 1258058960L, 535598188L, 
-1325191500L, 1653164050L, 1318389728L, 479355852L, -1027408416L, 
700039714L, -1367462616L, 87958796L, -1895506372L, -2094821134L, 
-147665168L, -252154044L, -1327301032L, 794511930L, 1540484848L, 
-1002565444L, -1054698988L, -104229694L, 1697133664L, 460914044L, 
-1350381360L, 311804962L, 1789386408L, -1536228468L, 1463848380L, 
-154436558L, -1594087616L, 82617524L, 1330997064L, 1211501242L, 
-1496760560L, 1745968364L, 2069677140L, -697110766L, -1760381024L, 
-1683500084L, -192400544L, 480036034L, -687008216L, -487238228L, 
37552399L, 701034329L, 450748910L, 1005161596L, 1922267373L, 
2125606807L, 1593563232L, -1460061634L, -1197036789L, 1289925005L, 
1552136890L, -396676872L, -959926623L, -2083240365L, -785696396L, 
337100546L, 755668887L, -1048438431L, -964877914L, 201012132L, 
1343573589L, -1951011073L, 637932440L, -1402288970L, -759066301L, 
-1737766779L, -667143902L, -1566309872L, -619312711L, 1542007403L, 
558056796L, -337759094L, -2053415809L, 875001289L, -352317858L, 
-774468340L, 569546973L, -1862289945L, 152153616L, 387670830L, 
-1723340837L, 1299757245L, -477384150L, -420602168L, 81267697L, 
1709251939L, -314763932L, 1134811282L, -1118458521L, -1830144207L, 
158198902L, 1947391380L, -979418715L, -352691537L, 1559374696L, 
110630726L, 1747767027L, -961613739L, -257348558L, 1110395392L, 
807463657L, -2018324133L, 1271987116L, 170670010L, 2013102447L, 
847547129L, -703380594L, 1263824476L, 264084685L, 1242162231L, 
255372992L, 149494174L, 701006443L, -579991059L, -66045862L, 
1847822104L, 1062620289L, 1971378739L, 253487188L, 2126228578L, 
2125841143L, -14013119L, 997039046L, -1676449532L, -775452491L, 
-894077025L, -2024105992L, 1660471766L, -1741926301L, -654867419L, 
-1670949950L, 1813391536L, 1287734489L, 45908555L, 1619738812L, 
1001518826L, -1477286113L, -524036183L, 1075405118L, 1392773164L, 
-1969334659L, -795117369L, 934557104L, 65638350L, -1290365701L, 
166380381L, 628672650L, -468543832L, -1202685423L, 1632946947L, 
909532676L, 264916530L, -2042401145L, -1088445743L, -240831402L, 
493714484L, -1981276347L, 1802216847L, -1649236728L, -1381714138L, 
-1201711149L, -1915791051L, 1963577490L, 407343200L, 628835785L, 
-2001134341L, 1691816652L, -1195821222L, -1454030257L, -980654311L, 
381718830L, 1301984060L, 2080643245L, -650691753L, -972509536L, 
-777197570L, 100363979L, -431013683L, 1671480314L, 1297395768L, 
-1179186719L, -127094125L, 11049140L, -362165822L, 1550217687L, 
